-8.334010061360127 -3.4780617495568293
-8.926849628313702 8.144084074247655
-8.229744995536286 -10.180482467020434
-8.20269486195125 -7.0730314407409365
-7.354232665393533 -8.987391460021449
-7.562320144738622 -3.2757813334487764
-9.115495861006144 8.691014292342897
-5.975155187841814 11.217871636429145
-4.932639878048513 9.029477087790232
-7.442679044333861 -7.208102152673829
-7.749262554175473 -2.4132717600670235
-7.043255345023494 -10.086417975250773
-4.994480883934409 9.7369710031537
-10.117048956460476 8.377729130118306
-7.796397443912282 -3.406322682313516
-8.566450450427636 -8.979236517300135
-8.847641352874525 -3.4715883130301783
-8.304250954908515 8.192443514123847
-8.252418148963072 -2.9147530313501258
-7.8574742064665335 -8.88197982718608
-10.148094861040992 8.316200339391953
-5.057612889887849 8.164339358883373
-5.616664813439444 9.099436882155318
-6.049321220726757 8.98787419999993
-10.20243837711374 7.008048325674619
-8.929981341120095 -2.764961458350255
-6.942669456570515 -9.450056303538684
-7.71302361909565 -9.155262398805116
-7.5239264710403075 -3.311263092258011
-8.238607295626561 -2.3466056728705094
-5.892313364513461 9.71467817380654
-8.161996956394582 -1.556065554794864
-7.144849138389594 -7.251611098493412
-7.501308289863983 -4.090952227474082
-7.529143681249676 -2.2322524380410647
-8.476148577675538 -0.8691132512279309
-6.820657853933123 -9.465083348424008
-10.541059822560861 9.659019489880782
-6.549238980350278 -0.47942238410545235
-8.27091775866569 -8.337190901336957
-3.2053407526281115 9.747021554757877
-9.87609694124769 8.748329247077464
-4.506148554772137 8.936353633324273
-8.495550168516962 -2.867227976529252
-6.705202913357451 -1.3355777764771848
-7.879936946156264 7.45334536223642
-5.433297073138816 -8.65994353464565
-8.715741815520479 -4.1331031852854005
-7.975701348735739 -1.5601103121534179
-6.8865348555690495 -1.3468620219270113
-5.739387862990288 9.423095298329782
-9.534427612539883 -9.374566541194163
-9.137948098036007 7.611149298029911
-6.160859111904744 -3.365014392712058
-7.774638189685231 -3.37914804572444
-4.19385595913867 9.738349033560665
-9.898571676364702 7.594919341174906
-5.047344308452984 9.020942376497958
-10.744409058992352 7.7872116120836425
-5.23919936443697 10.639636305155499
-9.027817599845527 7.999331296802808
-7.0989111364546735 -9.597236737052592
-7.632773963514983 -9.041761737351033
-6.488427810565538 -7.966730624639779
-8.40637830704491 9.136354752056267
-4.958998276614296 9.692951977013172
-4.312859461028159 9.370328879019443
-3.9430038536880883 10.382072005643638
-4.465541442266049 8.44218552537779
-5.564525984518153 8.856270044717792
-6.054693187907243 -4.478501700266421
-4.990064763778266 -7.270141670984587
-4.882122430844012 11.680910644910822
-10.037848827835056 8.715179360295167
-8.02363993792892 -2.9497088626844445
-6.394146631849092 9.535238391369367
-6.660310903840201 -7.203516297635834
-8.60836320983087 8.813205348126973
-5.471082324732105 10.459451366570056
-4.443602595928709 10.628548124138884
-5.812302985965937 10.877387468070928
-8.972369703239302 10.193726755248797
-7.080124761240464 -11.027645945372498
-5.1114485584505465 8.121123550610093
-6.4630543944578545 9.042738947161837
-9.416967706296433 6.508916166692089
-9.980109808066745 6.706352980262209
-5.775015871452803 -7.537469981021388
-4.702106987812095 9.45532072939864
-6.577839808828785 -9.926475910137526
-8.155265318771328 -8.495214206187436
-5.910703122064307 8.431304713938648
-4.826548299776294 10.737639056466435
-8.946602517261846 -3.1177374482649474
-8.10094320718832 -3.56293520353988
-5.3760202616034105 -8.299909863331303
-6.0647103932458055 8.499917459463592
-5.631907805400932 9.681098350250936
-9.685585879258081 8.256140923310987
-11.464432442299632 6.476571449453608
-7.534464813618339 -8.44570138833398
-8.881977064576665 9.507840221057782
-9.88290963685429 9.997465205934127
-3.808637733599154 11.99735483318256
-7.032920437106841 -10.00685816368122
-6.042550423897716 8.280255195866518
-6.690628668664081 -2.725487065360251
-11.188382383056794 5.827976780032962
-9.298239231563738 -1.9352562301358196
-3.649067952102571 10.17039251614979
-8.710944660415386 -11.013039776869547
-9.55681483691602 7.878463565261766
-9.674415902195628 8.499338999885834
-4.2056804061023465 11.33241443394561
-4.860819654497034 9.16739091707201
-7.990322442570443 -9.808724462579049
-7.618486303637184 -10.492694772838346
-9.34812751183207 -2.7478681223472696
-6.808681953199953 -9.724550652334717
-4.451559040159949 10.540519881444698
-7.332015873536305 -9.10373497031527
-10.447118135571376 9.862909364162833
-6.996409286190419 -3.3354426839421922
-11.379174146904878 7.597445549562353
-7.8496703885142045 -2.57252442134296
-7.5261497373026165 -9.438769808590536
-6.124784300309816 -9.152798029301756
-8.861184671928713 9.754227157899956
-8.433244390441224 -4.848102270351968
-7.297859938267171 -8.353742621859375
-11.073294029596426 8.277743209092785
-9.301157260919988 -8.675248371078464
-4.198086212174349 8.412395378605252
-8.634906060411373 9.893417621966892
-7.741855137920938 -10.411994625039238
-9.648261292767694 -3.7345952716404964
-5.796591006736224 9.3625886517466
-4.802654266588872 11.372797545156683
-9.45507357740609 -2.192620746736952
-10.272809332324233 7.325551504957859
-9.38500592603107 8.926602984939343
-7.695679565777671 -9.388578872089779
-6.238690990149431 -9.651180341746466
-3.7237991446742633 9.452687871787868
-7.43814263502242 -2.7380877486032444
-6.606974896675524 -7.657545209059308
-10.076748193160617 6.6826540543981485
-8.402488594598044 -2.464130627127781
-9.382028312368178 8.146802212977136
-6.258739571065313 11.24177277946878
-8.745004919760131 6.921208176983281
-7.422354077918735 -8.872230684579138
-9.158088894229968 -1.9567406071239073
-8.45215582786923 -3.0624625821925067
-5.982142709693832 -8.221371886120943
-5.871655272590234 8.335797572309037
-6.307575103910555 -6.866000386280691
-5.589258241928828 -9.305745113960608
-9.722223608989774 7.7530063034269014
-8.785829720249803 9.556574767984605
-4.646297467012773 10.530500444942737
-7.9943703400804305 -2.133157819760916
-4.804667900411861 11.034493406192336
-4.061971824789813 9.869285468359113
-11.167801220948045 9.13806482964149
-6.09041665432117 -8.375132603364793
-8.303703391383793 -3.369754886768624
-3.4960185523452925 9.638508863228235
-9.907647754420688 7.213146105929233
-7.593989250028869 -1.1389721025280024
-7.008574384517033 -4.047180646618439
-5.921316576069799 -2.035394101714247
-9.339836969958862 9.265855909014984
-8.717036048584385 10.265017817644894
-7.144364961866109 -7.916896255703645
-6.4384146195356635 -7.7741390879671854
-4.662817898646291 9.557501700847418
-8.259680040724156 -3.143978496195662
-3.6375565669725693 8.223143073117535
-8.908634752494645 -1.4457713857892351
-7.925395966071736 -1.1398894219824562
-6.079108252727244 -8.722497030361074
-6.717531654324782 -2.0200706597815907
-7.899688982332865 -2.300642977364982
-5.632300395721631 10.41388388690208
-9.19873413852187 10.263087950323502
-6.702086620116852 -2.2240065983832236
-10.027376246605227 7.836781504918772
-11.590147745728968 7.642952891606638
-8.530499952900914 -2.666231013432753
-7.779199461583824 -8.273267949567503
-7.11463655895033 -2.914295982501698
-9.340898753616239 7.502637170223299
-10.478566634758208 10.54289399986679
-5.794147019039288 -8.44256863881507
-7.807280158649592 -8.490659224591958
-10.700743874060532 7.459444799777188
-9.666355678417538 7.690894330230501
-5.839326081777319 10.243085615544818
-10.518259987358933 7.989287577431682
