-5.221109986305236816e-01 4.578790366649627686e-01
2.044782191514968872e-01 -1.180555522441864014e-01
-9.970750659704208374e-02 -7.573537230491638184e-01
-3.890534639358520508e-01 -1.042465567588806152e-01
7.070168852806091309e-02 5.370326042175292969e-01
-3.550354540348052979e-01 3.113577365875244141e-01
-1.212067604064941406e-01 -9.300521761178970337e-02
-1.785774827003479004e-01 -5.260723233222961426e-01
6.312867403030395508e-01 -2.142929732799530029e-01
2.500084638595581055e-01 7.365012168884277344e-01
-2.500084638595581055e-01 -7.365012168884277344e-01
5.221109986305236816e-01 -4.578790366649627686e-01
-4.312060177326202393e-01 5.619586110115051270e-01
2.211443483829498291e-01 -4.484363794326782227e-01
4.157745540142059326e-01 2.725130319595336914e-02
-2.847222089767456055e-01 -4.931533634662628174e-01
-1.606453806161880493e-01 2.093571275472640991e-01
5.480889081954956055e-01 2.702875435352325439e-01
7.548888772726058960e-02 -2.817283570766448975e-01
-3.571549430489540100e-02 -1.052144616842269897e-01
-2.975074946880340576e-01 -2.282855361700057983e-01
-7.548888772726058960e-02 2.817283570766448975e-01
9.970750659704208374e-02 7.573537230491638184e-01
-4.905234649777412415e-02 7.483941912651062012e-01
-1.998429000377655029e-02 3.049013316631317139e-01
-4.208578467369079590e-01 1.428619772195816040e-01
-2.104289233684539795e-01 7.143098860979080200e-02
-3.846184015274047852e-01 -4.385732114315032959e-01
-1.330042332410812378e-01 4.963785409927368164e-01
-2.380971014499664307e-01 -2.714976966381072998e-01
-4.268721044063568115e-01 5.619877576828002930e-02
-5.893784165382385254e-01 3.402777910232543945e-01
-3.969283103942871094e-01 2.291666716337203979e-01
-5.480889081954956055e-01 -2.702875435352325439e-01
2.847222089767456055e-01 4.931533634662628174e-01
3.451831638813018799e-02 -5.266477465629577637e-01
-1.269004680216312408e-02 -9.639047086238861084e-02
-4.738082587718963623e-01 -3.635658621788024902e-01
-6.312867403030395508e-01 2.142929732799530029e-01
3.571549430489540100e-02 1.052144616842269897e-01
-1.071464866399765015e-01 -3.156433701515197754e-01
3.969283103942871094e-01 -2.291666716337203979e-01
-2.065510153770446777e-01 2.719295583665370941e-02
-6.037036180496215820e-01 -1.617619097232818604e-01
9.157580882310867310e-02 1.044221967458724976e-01
6.471931934356689453e-01 -8.520460128784179688e-02
1.330042332410812378e-01 -4.963785409927368164e-01
4.905234649777412415e-02 -7.483941912651062012e-01
1.905195713043212891e-01 -7.110287547111511230e-01
3.550354540348052979e-01 -3.113577365875244141e-01
1.785774827003479004e-01 5.260723233222961426e-01
-1.494787931442260742e-01 -7.371478527784347534e-02
-7.070168852806091309e-02 -5.370326042175292969e-01
-4.169586673378944397e-02 -3.167115449905395508e-01
2.380971014499664307e-01 2.714976966381072998e-01
3.890534639358520508e-01 1.042465567588806152e-01
2.959257066249847412e-01 -3.856578767299652100e-01
-4.157745540142059326e-01 -2.725130319595336914e-02
1.998429000377655029e-02 -3.049013316631317139e-01
6.250000000000000000e-02 1.082531735301017761e-01
-1.940281242132186890e-01 -1.271727494895458221e-02
1.269004680216312408e-02 9.639047086238861084e-02
1.494787931442260742e-01 7.371478527784347534e-02
-2.211443483829498291e-01 4.484363794326782227e-01
1.879599541425704956e-01 -1.648364514112472534e-01
-3.487838506698608398e-01 -1.720011532306671143e-01
4.268721044063568115e-01 -5.619877576828002930e-02
1.212067604064941406e-01 9.300521761178970337e-02
3.487838506698608398e-01 1.720011532306671143e-01
2.104289233684539795e-01 -7.143098860979080200e-02
2.065510153770446777e-01 -2.719295583665370941e-02
6.375209689140319824e-01 4.178533330559730530e-02
-1.228579729795455933e-01 2.491313219070434570e-01
2.975074946880340576e-01 2.282855361700057983e-01
1.228579729795455933e-01 -2.491313219070434570e-01
-1.744032800197601318e-01 -4.673121497035026550e-02
-2.044782191514968872e-01 1.180555522441864014e-01
1.744032800197601318e-01 4.673121497035026550e-02
4.208578467369079590e-01 -1.428619772195816040e-01
4.738082587718963623e-01 3.635658621788024902e-01
6.037036180496215820e-01 1.617619097232818604e-01
-6.250000000000000000e-02 -1.082531735301017761e-01
-3.194307088851928711e-01 6.477414369583129883e-01
5.893784165382385254e-01 -3.402777910232543945e-01
-6.471931934356689453e-01 8.520460128784179688e-02
-2.959257066249847412e-01 3.856578767299652100e-01
4.169586673378944397e-02 3.167115449905395508e-01
1.071464866399765015e-01 3.156433701515197754e-01
-9.157580882310867310e-02 -1.044221967458724976e-01
1.940281242132186890e-01 1.271727494895458221e-02
-1.879599541425704956e-01 1.648364514112472534e-01
-6.375209689140319824e-01 -4.178533330559730530e-02
3.194307088851928711e-01 -6.477414369583129883e-01
-1.905195713043212891e-01 7.110287547111511230e-01
4.312060177326202393e-01 -5.619586110115051270e-01
-3.451831638813018799e-02 5.266477465629577637e-01
-1.736111044883728027e-01 -3.007032573223114014e-01
1.736111044883728027e-01 3.007032573223114014e-01
3.846184015274047852e-01 4.385732114315032959e-01
1.606453806161880493e-01 -2.093571275472640991e-01
